9999999911
9999999912
9999999913
9999999914
9999999915
999999abcxyx
+919191919192
9999999916
9999999917
9999999918
9999999919
9999999920
9999999921
9999999922
9999999923
9999999924
9999999925
9999999926
9999999927
9999999928
9999999929
9999999930
9999999931
9999999932
9999999933
9999999934
9999999935
9999999936
9999999937
9999999938
9999999939
9999999940
9999999941
9999999942
9999999943
9999999944
9999999945
9999999946
9999999947
9999999948
9999999949
9999999950
9999999951
9999999952
9999999953
9999999954
9999999955
9999999956
9999999957
9999999958
9999999959
9999999960
9999999961
9999999962
9999999963
9999999964
9999999965
9999999966
9999999967
9999999968
9999999969
9999999970
9999999971
9999999972
9999999973
9999999974
9999999975
9999999976
9999999977
9999999978
9999999979
9999999980
9999999981
9999999982
9999999983
9999999984
9999999985
9999999986
9999999987
9999999988
9999999989
9999999990
9999999991
9999999992
9999999993
9999999994
9999999995
9999999996
9999999997
9999999998
